#time [s]	Power [mW]
-1.430838e-24
4.562348e-41
-1.217020e-24
4.562348e-41
0.000000e+00
1.401298e-45
0.000000e+00
0.000000e+00
1.401298e-45
0.000000e+00
-1.431006e-24
4.562348e-41
-9.382193e-20
4.591635e-41
0.000000e+00
0.000000e+00
-9.382265e-20
4.591635e-41
1.401298e-45
0.000000e+00
-1.431006e-24
4.562348e-41
-1.215754e-24
4.562348e-41
-9.382224e-20
4.591635e-41
0.000000e+00
0.000000e+00
-9.382296e-20
4.591635e-41
1.401298e-45
0.000000e+00
-1.431006e-24
4.562348e-41
-1.215754e-24
4.562348e-41
0.000000e+00
0.000000e+00
0.000000e+00
0.000000e+00
0.000000e+00
0.000000e+00
-9.516526e-25
4.562348e-41
-9.382312e-20
4.591635e-41
-1.218652e-24
4.562348e-41
0.000000e+00
4.203895e-45
-1.430838e-24
4.562348e-41
-9.534060e-25
4.562348e-41
-1.215993e-24
4.562348e-41
-9.381934e-20
4.591635e-41
-1.430719e-24
4.203895e-45
-1.432130e-24
4.562348e-41
5.879424e-39
0.000000e+00
