#time [s]	Power [mW]
0.000000e+00	9.909319e+00
3.906250e-13	9.950664e+00
7.812500e-13	1.019154e+01
1.171875e-12	9.589124e+00
1.562500e-12	9.794946e+00
1.953125e-12	1.041822e+01
2.343750e-12	1.009917e+01
2.734375e-12	1.016701e+01
3.125000e-12	1.006962e+01
3.515625e-12	1.027042e+01
3.906250e-12	1.000212e+01
4.296875e-12	1.016131e+01
4.687500e-12	1.006610e+01
5.078125e-12	1.023404e+01
5.468750e-12	9.988021e+00
5.859375e-12	9.710675e+00
6.250000e-12	9.982850e+00
6.640625e-12	9.613489e+00
7.031250e-12	1.045766e+01
7.421875e-12	1.018392e+01
7.812500e-12	9.683442e+00
8.203125e-12	1.031611e+01
8.593750e-12	9.757605e+00
8.984375e-12	1.000043e+01
9.375000e-12	1.005090e+01
9.765625e-12	1.014949e+01
1.015625e-11	1.020464e+01
1.054688e-11	1.011727e+01
1.093750e-11	1.014427e+01
1.132813e-11	9.893997e+00
1.171875e-11	1.003563e+01
1.210938e-11	9.981043e+00
1.250000e-11	1.037752e+01
1.289063e-11	9.858126e+00
1.328125e-11	1.038660e+01
1.367188e-11	9.780132e+00
1.406250e-11	9.752197e+00
1.445313e-11	1.010887e+01
1.484375e-11	1.051624e+01
1.523437e-11	9.839558e+00
1.562500e-11	9.968223e+00
1.601562e-11	1.016391e+01
1.640625e-11	1.004891e+01
1.679687e-11	1.017318e+01
1.718750e-11	1.009170e+01
1.757812e-11	9.653740e+00
1.796875e-11	9.756753e+00
1.835937e-11	1.003241e+01
1.875000e-11	1.034322e+01
1.914062e-11	1.002937e+01
1.953125e-11	1.011890e+01
1.992187e-11	9.782215e+00
2.031250e-11	9.939388e+00
2.070312e-11	1.007154e+01
2.109375e-11	9.890507e+00
2.148438e-11	1.010978e+01
2.187500e-11	9.880184e+00
2.226563e-11	9.929006e+00
2.265625e-11	1.012114e+01
2.304688e-11	9.974935e+00
2.343750e-11	9.701672e+00
2.382813e-11	9.906033e+00
2.421875e-11	1.012417e+01
2.460938e-11	9.718569e+00
2.500000e-11	9.930075e+00
2.539063e-11	9.725839e+00
2.578125e-11	1.006600e+01
2.617188e-11	1.009750e+01
2.656250e-11	9.996759e+00
2.695313e-11	9.994141e+00
2.734375e-11	1.003064e+01
2.773438e-11	1.001647e+01
2.812500e-11	9.701576e+00
2.851563e-11	9.899120e+00
2.890625e-11	9.805753e+00
2.929687e-11	9.825522e+00
2.968750e-11	9.864001e+00
3.007812e-11	1.017703e+01
3.046875e-11	9.503599e+00
3.085937e-11	1.015966e+01
3.125000e-11	9.640782e+00
3.164062e-11	9.985863e+00
3.203125e-11	9.852142e+00
3.242187e-11	9.758837e+00
3.281250e-11	1.008819e+01
3.320312e-11	1.001138e+01
3.359375e-11	1.001374e+01
3.398437e-11	1.043893e+01
3.437500e-11	9.624552e+00
3.476562e-11	1.037103e+01
3.515625e-11	1.007444e+01
3.554687e-11	1.036935e+01
3.593750e-11	1.027646e+01
3.632812e-11	1.030075e+01
3.671875e-11	1.000308e+01
3.710937e-11	9.882586e+00
3.750000e-11	1.006930e+01
3.789062e-11	9.868073e+00
3.828125e-11	9.804200e+00
3.867187e-11	9.993323e+00
3.906250e-11	9.731324e+00
3.945312e-11	9.925347e+00
3.984375e-11	9.930552e+00
4.023437e-11	1.017618e+01
4.062500e-11	1.022600e+01
4.101562e-11	9.938795e+00
4.140625e-11	1.036431e+01
4.179687e-11	1.054183e+01
4.218750e-11	9.511089e+00
4.257813e-11	9.741943e+00
4.296875e-11	9.747334e+00
4.335938e-11	1.012531e+01
4.375000e-11	9.737698e+00
4.414063e-11	9.945451e+00
4.453125e-11	9.865928e+00
4.492188e-11	1.010612e+01
4.531250e-11	9.061779e+00
4.570313e-11	1.006210e+01
4.609375e-11	9.595118e+00
4.648438e-11	1.029604e+01
4.687500e-11	9.692964e+00
4.726563e-11	1.036097e+01
4.765625e-11	9.985639e+00
4.804688e-11	1.025364e+01
4.843750e-11	9.945983e+00
4.882813e-11	1.025192e+01
4.921875e-11	1.028029e+01
4.960938e-11	1.041961e+01
5.000000e-11	9.613450e+00
5.039063e-11	9.969803e+00
5.078125e-11	9.902657e+00
5.117188e-11	1.029255e+01
5.156250e-11	9.930230e+00
5.195313e-11	9.664317e+00
5.234375e-11	1.010776e+01
5.273438e-11	9.987988e+00
5.312500e-11	9.854722e+00
5.351563e-11	9.994741e+00
5.390625e-11	1.005723e+01
5.429688e-11	1.009103e+01
5.468750e-11	1.006281e+01
5.507813e-11	9.788270e+00
5.546875e-11	1.053441e+01
5.585938e-11	1.013664e+01
5.625000e-11	9.957363e+00
5.664063e-11	9.744615e+00
5.703125e-11	1.053909e+01
5.742188e-11	1.007371e+01
5.781250e-11	9.779440e+00
5.820313e-11	9.821891e+00
5.859375e-11	1.045179e+01
5.898437e-11	9.924098e+00
5.937500e-11	9.929060e+00
5.976562e-11	9.582356e+00
6.015625e-11	9.955503e+00
6.054687e-11	9.945893e+00
6.093750e-11	1.025481e+01
6.132812e-11	1.024668e+01
6.171875e-11	9.817647e+00
6.210937e-11	9.952080e+00
6.250000e-11	9.997612e+00
6.289062e-11	1.005518e+01
6.328125e-11	1.006247e+01
6.367187e-11	1.022338e+01
6.406250e-11	9.974527e+00
6.445312e-11	9.889950e+00
6.484375e-11	9.561430e+00
6.523437e-11	9.890375e+00
6.562500e-11	9.516203e+00
6.601562e-11	9.814091e+00
6.640625e-11	9.909932e+00
6.679687e-11	9.918732e+00
6.718750e-11	9.714988e+00
6.757812e-11	1.007999e+01
6.796875e-11	1.023001e+01
6.835937e-11	1.010905e+01
6.875000e-11	9.941402e+00
6.914062e-11	9.891231e+00
6.953125e-11	9.700216e+00
6.992187e-11	1.039420e+01
7.031250e-11	9.901038e+00
7.070312e-11	1.013894e+01
7.109375e-11	1.005345e+01
7.148437e-11	1.004375e+01
7.187500e-11	9.945878e+00
7.226562e-11	9.939788e+00
7.265625e-11	9.988506e+00
7.304687e-11	1.014914e+01
7.343750e-11	9.757338e+00
7.382812e-11	9.994024e+00
7.421875e-11	9.941460e+00
7.460937e-11	9.843923e+00
